[-0.020999999999999963,
 0.0,
 0.0,
 0.0,
 0.0,
 0.0,
 0.0,
 0.0,
 0.0,
 0.0,
 0.0,
 0.0,
 0.0,
 0.0,
 -0.006999999999999895,
 -0.08000000000000007,
 0.0,
 0.0,
 0.006000000000000005,
 0.0,
 0.0,
 0.0,
 0.0,
 -0.041999999999999815,
 0.0,
 0.006000000000000227,
 0.0,
 0.0,
 0.0,
 0.0,
 -0.0019999999999997797,
 0.020999999999999908,
 -0.0259999999999998,
 0.0,
 0.0,
 0.0,
 0.0,
 0.0,
 0.0,
 0.0,
 0.0,
 0.0,
 -0.008000000000000007,
 0.008999999999999897,
 0.0,
 0.0,
 0.0,
 0.0,
 0.0,
 0.07100000000000062,
 -0.11699999999999999,
 -0.09000000000000075,
 0.0,
 0.0,
 0.0,
 0.009000000000000341,
 -0.017999999999999794,
 0.0,
 0.0,
 0.0,
 0.0,
 0.0,
 0.0,
 0.0,
 0.0,
 0.0,
 -0.014000000000000234,
 0.0,
 0.0,
 0.0,
 0.0,
 0.0,
 0.0,
 0.0,
 -0.01100000000000001,
 0.0,
 0.0,
 0.0,
 0.0,
 -0.010000000000000009,
 0.0,
 0.0,
 0.0,
 0.0,
 0.0,
 0.0,
 0.0,
 0.0,
 0.0,
 0.0,
 -0.040000000000000036,
 0.0,
 0.0,
 0.0,
 0.0,
 0.0,
 0.0,
 0.0,
 0.0,
 0.0,
 0.0,
 0.0,
 0.039000000000000146,
 0.0,
 0.0,
 0.0,
 0.0,
 0.0,
 0.0,
 0.0,
 0.0,
 0.0,
 0.0,
 0.0,
 0.0,
 0.0,
 0.0,
 0.0,
 0.0,
 0.0,
 0.0,
 0.0,
 0.0,
 0.0,
 0.0,
 0.0,
 0.0,
 0.0,
 0.0,
 0.03199999999999999,
 -0.024999999999999994,
 0.0,
 0.0,
 -0.007000000000000006,
 0.0,
 0.0,
 0.0,
 -0.041000000000000036,
 0.006000000000000005,
 -0.013000000000000012,
 -0.010000000000000009,
 0.0,
 0.0020000000000000018,
 -0.0030000000000001137,
 0.0,
 0.007000000000000117,
 0.0,
 -0.02400000000000002,
 0.0,
 0.0,
 0.0,
 0.0,
 0.0,
 0.07300000000000018,
 0.04400000000000004,
 0.0,
 0.0,
 0.0129999999999999,
 0.0,
 -0.04599999999999982,
 -0.010000000000000231,
 0.0030000000000001137,
 -0.006000000000000227,
 0.0,
 0.0,
 0.028000000000000025,
 -0.031999999999999584,
 0.0,
 0.0,
 0.03000000000000025,
 0.0,
 0.012000000000000455,
 0.0,
 0.0,
 0.0,
 0.004999999999999893,
 -0.0019999999999997797,
 0.008999999999999453,
 0.006999999999999673,
 0.0,
 -0.040000000000000036,
 0.0,
 0.0,
 -0.009000000000000341,
 -0.01100000000000012,
 0.0,
 0.0,
 0.0,
 0.0,
 0.016999999999999987,
 0.0,
 0.02300000000000002,
 -0.07199999999999995,
 0.0,
 0.007999999999999896,
 0.0,
 -0.02100000000000002,
 0.0,
 0.0,
 0.0,
 0.0,
 0.0,
 0.0,
 0.0,
 0.0,
 0.0,
 0.0,
 0.0,
 0.0,
 0.0,
 0.0,
 0.0,
 0.0,
 0.0,
 0.0,
 -0.018999999999999684,
 0.008000000000000007,
 0.019999999999999574,
 0.07000000000000028,
 0.0,
 -0.020000000000000018,
 0.0,
 0.0,
 0.0,
 -0.004999999999999893,
 0.021999999999999797,
 0.02300000000000013,
 0.01100000000000012,
 -0.007000000000000117,
 -0.03699999999999992,
 0.0,
 -0.008000000000000007,
 0.0,
 0.0,
 0.0,
 0.0,
 0.0,
 -0.04199999999999998,
 0.0,
 -0.025000000000000022,
 0.0,
 0.04899999999999993,
 -0.010000000000000009,
 0.0,
 0.013999999999999901,
 0.0,
 0.0,
 -0.06499999999999995,
 -0.017000000000000126,
 -0.006000000000000005,
 -0.006000000000000005,
 0.0,
 -0.009000000000000119,
 -0.08600000000000008,
 0.0,
 0.04599999999999982,
 0.0,
 0.0259999999999998,
 0.0,
 -0.04800000000000004,
 -0.03300000000000036,
 0.0,
 0.0,
 0.0,
 0.0,
 0.0,
 0.0,
 0.0,
 0.0,
 0.0,
 0.0,
 0.0,
 0.0,
 0.0,
 0.0,
 0.0,
 0.0,
 0.0,
 0.0,
 0.0,
 0.0,
 0.0,
 0.0,
 0.0,
 0.0,
 0.0,
 0.0,
 -0.03,
 0.0,
 -0.023999999999999994,
 0.0,
 0.0040000000000000036,
 -0.029000000000000026,
 0.0,
 0.09999999999999998,
 -0.016000000000000014,
 0.025000000000000022,
 -0.0050000000000001155,
 0.0,
 -0.018000000000000016,
 0.0,
 0.0,
 0.010000000000000009,
 0.01200000000000001,
 0.0,
 0.0,
 0.0,
 0.0,
 -0.014999999999999902,
 0.0,
 0.0,
 0.0,
 0.0,
 -0.005999999999999783,
 0.0040000000000000036,
 0.0,
 0.0,
 0.006999999999999673,
 -0.016999999999999904,
 0.0040000000000000036,
 0.0,
 0.0,
 0.0,
 0.015000000000000124,
 0.01200000000000001,
 0.03300000000000036,
 0.0,
 0.0259999999999998,
 -0.02200000000000024,
 -0.06299999999999972,
 -0.09700000000000042,
 0.0,
 0.07699999999999996,
 0.0,
 0.0,
 -0.03500000000000014,
 0.0,
 0.0,
 0.0,
 -0.02100000000000002,
 0.0,
 0.013000000000000123,
 0.009000000000000119,
 0.0,
 -0.030000000000000027,
 0.0,
 -0.014000000000000012,
 0.0,
 -0.020999999999999908,
 0.0,
 0.02200000000000002,
 0.0,
 0.0,
 0.015000000000000124,
 0.0,
 0.0,
 0.0,
 0.0,
 0.0,
 0.0,
 0.0,
 0.0,
 0.0,
 0.0,
 0.0389999999999997,
 0.0,
 0.0,
 0.0,
 0.0,
 0.009999999999999787,
 0.0,
 0.0,
 0.0,
 0.0,
 -0.015000000000000568,
 0.0,
 0.0,
 -0.04099999999999948,
 0.0,
 0.0,
 0.0,
 0.006000000000000227,
 0.0,
 0.0,
 0.0,
 0.0,
 0.0,
 0.0,
 0.0,
 0.0,
 0.0,
 0.0,
 0.0,
 0.0,
 0.0,
 0.0,
 -0.0010000000000000009,
 0.07000000000000006,
 0.0,
 0.0,
 0.0,
 0.0,
 0.0,
 0.0,
 0.0,
 0.0,
 0.0,
 0.0020000000000000018,
 -0.010000000000000009,
 0.0,
 0.0,
 0.0,
 0.020000000000000018,
 0.0,
 0.0,
 0.0,
 0.0,
 0.0,
 0.0,
 -0.21999999999999975,
 0.015000000000000124,
 0.0,
 0.0,
 0.0,
 -0.040999999999999925,
 -0.02400000000000002,
 0.0,
 0.0,
 0.0,
 0.0,
 0.0,
 -0.010999999999999677,
 0.0,
 0.0,
 0.0,
 0.0,
 0.0,
 0.0,
 0.0,
 0.0,
 0.0,
 0.0,
 -0.017000000000000015,
 0.0,
 0.0,
 -0.007000000000000006,
 0.27300000000000013,
 0.0,
 -0.008000000000000007,
 -0.09000000000000008,
 0.0,
 0.0,
 0.013000000000000345,
 0.0,
 0.0,
 0.0,
 -0.03600000000000003,
 0.0,
 -0.005999999999999783,
 -0.09299999999999997,
 -0.01399999999999979,
 0.008000000000000007,
 -0.021999999999999797,
 0.0,
 -0.08000000000000007,
 0.005999999999999783,
 -0.02499999999999991,
 0.010000000000000231,
 0.0,
 0.0,
 0.0,
 0.0,
 0.0,
 0.0,
 0.0,
 0.0019999999999997797,
 -0.05600000000000005,
 0.0,
 0.02799999999999958,
 0.0,
 0.008000000000000007,
 0.0,
 0.0,
 0.0,
 0.0,
 0.0,
 0.0,
 0.0,
 0.0,
 -0.020000000000000018,
 0.0,
 0.0,
 0.0,
 0.0,
 0.0,
 -0.05600000000000005,
 0.0,
 0.0,
 0.0,
 0.0,
 0.0,
 0.0,
 -0.005999999999999783,
 0.0,
 0.0,
 0.0,
 0.0,
 0.0,
 0.0,
 0.0,
 0.0,
 0.0,
 -0.040000000000000036,
 0.0,
 0.0,
 0.008000000000000007,
 0.0,
 0.0,
 0.0,
 0.0,
 0.0,
 0.0,
 0.0,
 0.0,
 0.0,
 0.0,
 0.0,
 0.0,
 0.0,
 -0.02100000000000002,
 0.008000000000000007,
 0.0,
 0.0,
 0.0,
 0.02200000000000002,
 0.0,
 0.0,
 0.008000000000000007,
 0.0,
 0.0,
 0.0,
 0.0,
 0.0,
 0.0,
 0.0,
 0.0,
 0.03200000000000003,
 0.0,
 0.0,
 0.0,
 0.0,
 0.0,
 0.0,
 -0.002000000000000224,
 -0.04200000000000026,
 0.0,
 0.0,
 0.0,
 0.0,
 0.0,
 0.0,
 -0.015000000000000013,
 0.0,
 -0.028000000000000025,
 0.0,
 0.0,
 0.0,
 -0.040999999999999925,
 0.0,
 -0.014000000000000012,
 0.0,
 0.0,
 0.0,
 0.0,
 -0.009000000000000119,
 -0.016000000000000014,
 0.01100000000000012,
 -0.006000000000000005,
 -0.0050000000000001155,
 0.0,
 0.0,
 0.02400000000000002,
 -0.006000000000000005,
 0.0,
 0.0,
 0.010999999999999677,
 0.0,
 0.0,
 0.0,
 0.0,
 0.0,
 0.0,
 -0.03500000000000014,
 -0.03699999999999992,
 -0.06899999999999995,
 0.0,
 0.0,
 0.02499999999999991,
 0.0,
 0.0,
 0.006000000000000227,
 -0.010000000000000231,
 0.0,
 0.020000000000000018,
 -0.0050000000000000044,
 0.0,
 0.0,
 -0.04200000000000004,
 0.0,
 0.0,
 0.017000000000000126,
 0.0,
 0.0,
 0.0,
 0.0,
 0.0,
 0.0,
 0.0,
 0.0,
 0.008999999999999897,
 0.0,
 0.0,
 0.0,
 0.0,
 0.0,
 0.0,
 0.0,
 0.0,
 0.0,
 0.0,
 0.0,
 0.0,
 0.008000000000000007,
 0.008999999999999897,
 0.008999999999999897,
 0.0,
 0.0,
 0.0,
 0.0,
 0.0,
 0.0,
 0.0,
 -0.009000000000000341,
 -0.09199999999999964,
 0.0,
 0.0,
 0.0,
 0.0,
 0.0,
 0.0,
 -0.029000000000000026,
 0.0,
 0.0,
 0.006000000000000005,
 0.0,
 0.0,
 0.0,
 0.052000000000000046,
 0.0,
 0.03699999999999992,
 -0.014000000000000012,
 0.0,
 0.0,
 0.0,
 0.0,
 0.0,
 0.0,
 0.0,
 0.0,
 0.0,
 0.0,
 0.0,
 0.0,
 0.0,
 0.05600000000000005,
 0.020000000000000018,
 0.001000000000000334,
 0.0,
 0.004999999999999893,
 -0.06800000000000006,
 0.0,
 0.0,
 -0.18900000000000006,
 -0.2890000000000006,
 0.0,
 -0.012000000000000455,
 0.0,
 0.006000000000000227,
 0.0,
 0.0,
 0.0,
 0.0,
 0.0,
 0.0,
 0.0,
 -0.04300000000000004,
 0.0,
 0.0,
 0.0,
 0.0,
 0.0,
 0.0,
 0.0,
 -0.03600000000000003,
 0.0,
 0.01200000000000001,
 0.0,
 0.0,
 0.0,
 0.0,
 0.0,
 0.0,
 0.0,
 0.0,
 0.0,
 0.02400000000000002,
 0.0,
 0.0,
 0.01200000000000001,
 0.0,
 0.0,
 0.0,
 0.0,
 0.0,
 0.0,
 0.0,
 0.0,
 0.0,
 0.02799999999999958,
 0.0,
 0.0,
 0.0,
 0.0,
 0.0,
 0.0,
 -0.065,
 -0.006000000000000005,
 0.0,
 -0.017000000000000015,
 0.027000000000000024,
 0.0,
 0.0,
 -0.06800000000000006,
 0.0,
 0.0,
 0.0,
 0.0,
 0.0,
 0.030000000000000027,
 0.0,
 0.0,
 0.0,
 0.0,
 -0.010000000000000009,
 0.0,
 0.0,
 0.0,
 0.0,
 0.0,
 0.0,
 0.0,
 0.0,
 0.0,
 0.0,
 0.0,
 0.0,
 0.0,
 0.0,
 -0.1990000000000003,
 0.0,
 0.0,
 0.0,
 0.0,
 0.0,
 0.0,
 0.0,
 0.0,
 -0.0019999999999997797,
 0.0,
 0.0,
 0.0129999999999999,
 0.0,
 0.0,
 0.0,
 0.0,
 0.0,
 0.0,
 0.0,
 0.0,
 0.0,
 0.0,
 0.0,
 0.0,
 0.0,
 0.0,
 0.0,
 0.0,
 0.08500000000000019,
 0.0,
 0.0,
 0.0,
 0.0,
 0.007000000000000117,
 0.0,
 0.0,
 0.03600000000000003,
 0.0,
 0.0,
 -0.0129999999999999,
 0.0,
 0.0,
 0.019000000000000128,
 0.07400000000000029,
 0.0,
 0.0,
 0.0,
 0.0,
 0.0,
 0.0,
 0.0,
 0.008000000000000007,
 0.013000000000000345,
 0.0,
 -0.02400000000000002,
 0.0009999999999998899,
 0.005999999999999783,
 -0.006000000000000227,
 0.0,
 0.0,
 0.0,
 -0.07099999999999998,
 0.0,
 0.0,
 0.0,
 0.0,
 0.0,
 0.0,
 0.0,
 0.0,
 -0.018000000000000016,
 -0.018000000000000016,
 0.030000000000000027,
 0.0,
 -0.006000000000000005,
 0.0,
 -0.006000000000000005,
 0.0,
 0.0,
 0.0,
 0.0,
 0.0,
 0.0,
 0.0,
 0.0,
 0.01100000000000012,
 -0.01200000000000001,
 0.0,
 0.0,
 0.006999999999999673,
 0.04999999999999982,
 -0.010000000000000231,
 0.0,
 0.0,
 0.0,
 -0.020999999999999908,
 -0.007000000000000117,
 0.0,
 0.0,
 0.038000000000000256,
 0.0,
 0.0,
 0.0,
 0.0,
 0.0,
 -0.1170000000000001,
 0.0,
 0.0,
 0.030000000000000027,
 0.0,
 0.0,
 0.0,
 0.0,
 0.018999999999999906,
 0.02300000000000013,
 0.0,
 0.0,
 0.0,
 0.026000000000000023,
 -0.026999999999999913,
 0.0,
 0.0,
 -0.1629999999999998,
 0.027000000000000135,
 -0.06300000000000017,
 0.0,
 0.0,
 0.0,
 0.0,
 0.0,
 0.0,
 0.0,
 0.0,
 0.0040000000000000036,
 0.0,
 0.0,
 0.0,
 0.0,
 -0.009000000000000341,
 0.052999999999999936,
 0.0,
 0.0,
 0.0,
 0.0,
 0.0,
 0.0,
 0.0,
 0.0,
 0.0,
 0.0,
 -0.08700000000000002,
 0.0,
 0.0,
 0.0,
 0.0,
 0.0,
 0.0,
 -0.004999999999999893,
 0.0,
 0.0,
 0.0,
 0.009000000000000119,
 0.0,
 0.0,
 0.0,
 0.0,
 0.04400000000000004,
 0.0050000000000001155,
 0.0,
 0.0,
 0.018999999999999684,
 0.0,
 0.018000000000000238,
 0.0,
 0.0,
 0.0,
 0.0,
 0.0,
 0.0,
 0.0,
 0.028000000000000025,
 0.0,
 -0.020000000000000018]
[-0.020999999999999963,
 0.0,
 -0.08000000000000007,
 -0.1299999999999999,
 0.0,
 0.0,
 -0.09000000000000075,
 -0.09700000000000042,
 0.0,
 0.0,
 0.0,
 0.0,
 0.0,
 -0.040000000000000036,
 0.0,
 0.0,
 0.0,
 0.0,
 0.03199999999999999,
 0.0,
 0.0,
 -0.02400000000000002,
 0.0,
 -0.006000000000000227,
 0.0,
 -0.0019999999999997797,
 -0.040000000000000036,
 0.0,
 -0.050000000000000044,
 0.0,
 0.0,
 0.0,
 0.0,
 -0.018999999999999684,
 0.0,
 -0.004999999999999893,
 0.020999999999999908,
 0.020999999999999908,
 0.0,
 0.0,
 0.04899999999999993,
 -0.017000000000000126,
 0.0,
 -0.32200000000000006,
 0.0,
 0.0,
 0.0,
 0.0,
 -0.023999999999999994,
 -0.028000000000000025,
 -0.0050000000000001155,
 0.01200000000000001,
 0.0,
 0.006999999999999673,
 -0.05899999999999972,
 0.07699999999999996,
 0.0,
 -0.030000000000000027,
 0.02200000000000002,
 0.0,
 0.0,
 -0.0860000000000003,
 -0.04099999999999948,
 0.0,
 0.0,
 0.0,
 0.04999999999999993,
 0.0,
 0.0,
 0.020000000000000018,
 0.015000000000000124,
 -0.09799999999999986,
 0.0,
 0.0,
 0.0,
 0.0,
 0.29700000000000004,
 -0.09000000000000008,
 0.014000000000000234,
 -0.09299999999999997,
 0.005999999999999783,
 0.0,
 0.0,
 0.0,
 0.0,
 0.0,
 -0.13600000000000012,
 0.0,
 -0.1200000000000001,
 0.0,
 0.0,
 0.0,
 0.0,
 0.0,
 0.0,
 -0.052000000000000046,
 0.0,
 0.0,
 0.0,
 0.03100000000000014,
 0.0,
 -0.04200000000000026,
 0.0,
 0.0,
 -0.040999999999999925,
 -0.06699999999999995,
 0.01100000000000012,
 0.02400000000000002,
 0.0,
 0.0,
 0.0,
 -0.03699999999999992,
 0.0,
 0.0,
 0.0,
 0.0,
 0.0,
 0.0,
 0.008999999999999897,
 0.0,
 0.0,
 0.0,
 -0.09199999999999964,
 0.0,
 -0.029000000000000026,
 0.051000000000000156,
 0.0,
 0.0,
 0.0,
 -0.06800000000000006,
 -0.0129999999999999,
 0.0,
 -0.04300000000000004,
 -0.03500000000000003,
 0.0,
 0.0,
 0.0,
 0.0,
 0.0,
 0.0,
 -0.067,
 0.0,
 -0.10999999999999999,
 0.0,
 0.0,
 -0.019000000000000128,
 0.0,
 0.0,
 0.0,
 0.0,
 0.0,
 0.0,
 0.0,
 0.0,
 0.008000000000000007,
 -0.02400000000000002,
 0.0,
 0.0,
 0.0,
 0.028999999999999915,
 -0.006000000000000005,
 0.0,
 0.0,
 -0.01100000000000012,
 -0.020999999999999908,
 0.0,
 0.0,
 0.0,
 0.0,
 -0.06300000000000017,
 0.0,
 -0.1419999999999999,
 0.0,
 0.0,
 0.0,
 0.0,
 -0.050000000000000044,
 0.0,
 0.0,
 0.0,
 0.0,
 0.018000000000000238,
 -0.03500000000000014]
[0.0,
 0.0,
 0.0,
 0.0,
 -0.007000000000000006,
 0.0,
 0.0,
 -0.026000000000000023,
 0.0,
 -0.061000000000000165,
 0.0,
 0.0,
 -0.026000000000000023,
 0.0,
 0.0,
 0.0,
 0.0,
 0.042999999999999705,
 0.03399999999999981,
 0.0,
 0.0,
 0.0,
 0.0,
 0.0,
 0.0,
 0.029999999999999805,
 -0.03100000000000014,
 0.0,
 -0.0129999999999999,
 0.0,
 0.009999999999999787,
 -0.0030000000000001137,
 0.0,
 0.0,
 0.0,
 0.0,
 0.0,
 0.0,
 0.0,
 0.0,
 0.0,
 0.0,
 0.0,
 -0.039000000000000146,
 -0.028999999999999915,
 0.0,
 0.0,
 0.0,
 0.0,
 0.0,
 0.0,
 0.0,
 0.0,
 0.0,
 0.0,
 -0.1599999999999997,
 0.0259999999999998,
 0.0,
 0.0,
 0.0,
 0.0,
 -0.022999999999999687,
 0.0,
 0.035,
 0.0,
 0.0,
 0.0,
 0.0,
 0.0,
 0.0,
 0.0,
 0.0,
 0.0,
 0.0,
 0.0,
 0.0,
 0.0,
 -0.04200000000000026,
 0.0,
 0.0,
 -0.03600000000000003,
 0.0,
 -0.10000000000000053,
 0.0,
 0.0,
 0.0,
 0.0,
 0.0,
 0.0,
 0.041999999999999815,
 0.0,
 0.0,
 0.0,
 0.0,
 0.016000000000000014,
 -0.01799999999999996,
 0.0,
 0.0,
 0.0,
 0.0,
 0.0,
 0.03299999999999992,
 0.0,
 0.01100000000000012,
 0.0,
 0.0,
 0.0,
 0.0,
 0.0,
 0.0,
 0.0,
 -0.020000000000000018,
 0.0,
 0.0,
 0.0,
 0.0,
 -0.02200000000000024,
 0.0,
 0.0,
 0.0,
 0.0,
 0.0,
 -0.020000000000000018,
 0.0,
 0.038000000000000256,
 0.0,
 0.0,
 0.020000000000000018,
 0.0,
 0.01100000000000012,
 0.020999999999999908,
 0.01399999999999979,
 0.0,
 -0.009000000000000341,
 0.0,
 -0.08499999999999996,
 0.0,
 0.0,
 0.0,
 0.0,
 -0.07800000000000029,
 0.0,
 0.0,
 0.0,
 0.0,
 0.0,
 -0.14600000000000002,
 0.0,
 -0.01200000000000001,
 0.006000000000000005,
 0.0,
 0.0,
 0.0,
 0.0,
 0.0,
 0.0,
 0.05499999999999994,
 0.050999999999999934,
 -0.010000000000000009,
 0.0,
 0.0,
 0.0,
 0.0,
 0.0,
 0.0,
 -0.0050000000000000044,
 0.0,
 0.0,
 -0.10799999999999987,
 0.0,
 0.0,
 -0.02100000000000035,
 0.0,
 0.0,
 0.0,
 0.0,
 0.0,
 0.0,
 0.008000000000000007,
 0.0,
 0.0,
 0.0,
 -0.19899999999999984,
 0.0,
 0.0,
 0.0050000000000000044,
 -0.02200000000000002,
 0.014000000000000012,
 0.0,
 0.0,
 0.0,
 -0.1259999999999999,
 0.0,
 0.0,
 0.0,
 0.0,
 0.0,
 0.0,
 -0.08699999999999974,
 0.0,
 0.016000000000000014,
 0.0,
 0.0,
 0.0020000000000000018,
 0.010000000000000009,
 0.0,
 -0.02499999999999991,
 0.0,
 0.15300000000000002,
 -0.0349999999999997,
 0.0,
 0.0,
 0.0,
 0.0,
 0.0,
 0.0,
 0.0,
 0.0,
 0.0,
 0.0,
 0.0,
 0.0,
 0.0,
 0.0,
 0.0,
 0.0,
 -0.01200000000000001,
 0.0,
 0.0,
 -0.0259999999999998,
 0.008000000000000007,
 0.0,
 0.06800000000000006,
 0.0,
 -0.09699999999999998,
 0.05099999999999971,
 0.0,
 -0.0129999999999999,
 0.0,
 0.06000000000000005,
 -0.006000000000000227,
 0.0,
 0.0,
 0.0,
 0.0,
 0.0,
 0.0,
 0.006999999999999895,
 -0.05400000000000005,
 0.014000000000000012,
 0.0,
 0.0,
 0.0,
 0.0,
 0.007000000000000117,
 -0.04400000000000004,
 0.0,
 0.0,
 0.0,
 0.0,
 0.0,
 0.0,
 0.0,
 0.0,
 -0.0040000000000000036,
 0.0,
 0.0,
 -0.039000000000000146,
 0.0,
 0.0,
 0.0,
 0.0,
 -0.006000000000000005,
 -0.017000000000000126,
 0.0,
 0.010999999999999996,
 -0.006000000000000005,
 0.008999999999999952,
 0.0,
 0.0,
 0.0,
 0.0,
 -0.008999999999999897,
 0.0,
 -0.017000000000000015,
 -0.030000000000000027,
 0.0,
 0.0,
 0.0,
 -0.010000000000000009,
 -0.007000000000000117,
 0.04899999999999993,
 0.0,
 0.0,
 0.0,
 0.0,
 -0.20000000000000018,
 0.0,
 0.04899999999999993,
 0.06200000000000028,
 0.009999999999999787,
 0.0,
 0.0,
 0.0,
 0.0,
 0.0,
 0.0,
 0.0,
 0.0,
 0.0,
 -0.052000000000000046,
 0.026999999999999913,
 0.0,
 0.0,
 0.0,
 0.0,
 0.0,
 0.0,
 0.020000000000000018,
 0.0,
 0.0,
 0.020999999999999908,
 -0.007000000000000117,
 0.0,
 0.01200000000000001,
 0.0,
 0.0,
 0.0040000000000000036,
 0.0,
 0.0,
 -0.03699999999999992,
 0.007000000000000117,
 -0.006999999999999673,
 0.0,
 0.0,
 0.0,
 0.0,
 0.0,
 0.0,
 0.0,
 0.0,
 0.0,
 0.0,
 0.0,
 0.0,
 0.026000000000000245,
 0.0129999999999999,
 0.0,
 0.0,
 0.0,
 -0.018000000000000016,
 -0.03399999999999992,
 0.0,
 -0.03600000000000003,
 0.0,
 0.0,
 0.02200000000000002,
 0.02499999999999991,
 -0.04699999999999993,
 0.0,
 -0.008999999999999897,
 0.0,
 0.029999999999999805]
[0.0,
 0.0,
 0.0,
 0.0,
 0.0,
 0.0,
 0.0,
 0.0,
 0.0,
 0.0,
 -0.039000000000000146,
 0.0,
 0.0,
 -0.1599999999999997,
 0.0,
 0.0,
 0.0,
 0.0,
 0.0,
 -0.04200000000000026,
 0.0,
 0.0,
 0.0,
 0.0,
 0.0,
 -0.020000000000000018,
 0.0,
 -0.020000000000000018,
 0.0,
 -0.08499999999999996,
 0.0,
 -0.11099999999999999,
 0.0,
 0.0,
 0.0,
 0.0,
 -0.02100000000000035,
 0.0,
 0.0,
 -0.02299999999999991,
 0.0,
 -0.08699999999999974,
 0.0,
 -0.2869999999999999,
 0.0,
 0.0,
 -0.01200000000000001,
 -0.0259999999999998,
 0.05099999999999971,
 0.0,
 0.0,
 0.0,
 -0.2650000000000001,
 0.0,
 0.0,
 0.0,
 0.0,
 0.0,
 0.0,
 0.008999999999999952,
 0.0,
 -0.258,
 0.0,
 0.0,
 0.04899999999999993,
 0.0,
 0.0,
 -0.31299999999999994,
 0.0,
 0.0,
 -0.007000000000000117,
 0.0,
 -0.11699999999999999,
 -0.006999999999999673,
 0.0,
 0.0,
 0.0,
 0.0,
 -0.03700000000000003,
 0.0]
